89.5416 510.146
89.0833 1001.87
88.6252 1475.89
88.1672 1932.93
87.7094 2373.63
87.2519 2798.62
86.7948 3208.5
86.3381 3603.83
85.8818 3985.16
85.4261 4352.98
84.9709 4707.8
84.5164 5050.07
84.0626 5380.24
83.6095 5698.72
83.1572 6005.92
82.7058 6302.23
82.2553 6588
81.8057 6863.59
81.3572 7129.34
80.9097 7385.56
80.4634 7632.56
80.0182 7870.64
79.5742 8100.08
79.1315 8321.14
78.6901 8534.09
78.25 8739.17
77.8114 8936.62
77.3742 9126.67
76.9384 9309.54
76.5043 9485.44
76.0717 9654.57
75.6407 9817.12
75.2113 9973.3
74.7837 10123.3
74.3578 10267.2
73.9336 10405.3
73.5113 10537.6
73.0907 10664.5
72.6721 10785.9
72.2553 10902.1
71.8405 11013.1
71.4277 11119.2
71.0168 11220.4
70.6079 11316.9
70.2011 11408.8
69.7964 11496.3
69.3937 11579.3
68.9932 11658.1
68.5948 11732.7
68.1986 11803.2
67.8045 11869.8
67.4127 11932.6
67.0231 11991.5
66.6357 12046.8
66.2505 12098.5
65.8676 12146.7
65.487 12191.5
65.1087 12232.9
64.7327 12271
64.359 12305.9
63.9876 12337.8
63.6186 12366.5
63.2519 12392.3
62.8876 12415.1
62.5256 12435.1
62.1659 12452.3
61.8087 12466.8
61.4538 12478.5
61.1013 12487.7
60.7512 12494.3
60.4034 12498.3
60.0581 12500
59.7151 12499.2
59.3745 12496
59.0362 12490.6
58.7004 12482.8
58.3669 12472.9
58.0358 12460.8
57.7071 12446.5
57.3808 12430.2
57.0568 12411.8
56.7351 12391.4
56.4158 12369
56.0989 12344.8
55.7843 12318.6
55.472 12290.5
55.1621 12260.6
54.8545 12229
54.5491 12195.6
54.2461 12160.4
53.9454 12123.6
53.6469 12085.1
53.3508 12044.9
53.0568 12003.2
52.7652 11959.9
52.4757 11915.1
52.1885 11868.7
51.9036 11820.8
51.6208 11771.5
51.3402 11720.8
51.0618 11668.6
50.7856 11615
50.5115 11560.1
50.2395 11503.8
49.9697 11446.2
49.7021 11387.3
49.4365 11327.2
49.173 11265.7
48.9116 11203.1
48.6522 11139.2
48.3949 11074.2
48.1397 11007.9
47.8864 10940.5
47.6352 10872
47.3859 10802.3
47.1387 10731.6
46.8934 10659.8
46.65 10586.9
46.4086 10512.9
46.1691 10437.9
45.9316 10361.9
45.6959 10284.9
45.4621 10207
45.2301 10128
45 10048.1
44.7717 9967.24
44.5453 9885.46
44.3206 9802.77
44.0978 9719.17
43.8767 9634.69
43.6574 9549.34
43.4398 9463.12
43.224 9376.06
43.0098 9288.16
42.7974 9199.44
42.5867 9109.91
42.3776 9019.58
42.1702 8928.45
41.9644 8836.55
41.7603 8743.89
41.5578 8650.47
41.3569 8556.3
41.1575 8461.4
40.9598 8365.77
40.7636 8269.43
40.569 8172.39
40.3758 8074.65
40.1843 7976.23
39.9942 7877.12
39.8056 7777.36
39.6185 7676.93
39.4328 7575.85
39.2486 7474.14
39.0658 7371.79
38.8845 7268.81
38.7046 7165.23
38.526 7061.03
38.3489 6956.23
38.1731 6850.85
37.9987 6744.88
37.8257 6638.33
37.654 6531.21
37.4836 6423.53
37.3145 6315.29
37.1467 6206.52
36.9802 6097.19
36.815 5987.33
36.651 5876.95
36.4883 5766.05
36.3268 5654.62
36.1666 5542.69
36.0076 5430.26
35.8497 5317.33
35.6931 5203.92
35.5377 5090.02
35.3834 4975.64
35.2303 4860.79
35.0783 4745.47
34.9275 4629.7
34.7778 4513.47
34.6293 4396.78
34.4818 4279.66
34.3354 4162.09
34.1901 4044.09
34.0459 3925.66
33.9028 3806.8
33.7607 3687.53
33.6197 3567.83
33.4797 3447.74
33.3407 3327.23
33.2028 3206.33
33.0658 3085.03
32.9299 2963.33
32.7949 2841.26
32.6609 2718.79
32.5279 2595.95
32.3959 2472.74
32.2648 2349.15
32.1346 2225.2
32.0054 2100.89
31.8771 1976.22
31.7497 1851.19
31.6232 1725.82
31.4977 1600.1
31.373 1474.03
31.2492 1347.63
31.1263 1220.89
31.0042 1093.82
30.8831 966.426
30.7627 838.701
30.6432 710.658
30.5246 582.295
30.4067 453.621
30.2897 324.634
30.1735 195.336
30.0581 65.7378
29.9435 -64.164
29.8297 -194.366
29.7167 -324.86
29.6045 -455.648
29.493 -586.729
29.3823 -718.093
29.2723 -849.737
29.1631 -981.665
29.0546 -1113.87
28.9469 -1246.35
28.8399 -1379.11
28.7336 -1512.13
28.628 -1645.42
28.5231 -1778.97
28.419 -1912.78
28.3155 -2046.86
28.2127 -2181.19
28.1106 -2315.77
28.0092 -2450.61
27.9084 -2585.7
27.8083 -2721.03
27.7089 -2856.6
27.6101 -2992.42
27.512 -3128.48
27.4145 -3264.77
27.3177 -3401.3
27.2214 -3538.06
27.1258 -3675.06
27.0309 -3812.28
26.9365 -3949.72
26.8427 -4087.4
26.7496 -4225.29
26.657 -4363.4
26.5651 -4501.73
